0 0.029492 0.877778 0.058203 0.187500
0 0.025391 0.759028 0.050000 0.269444
0 0.031836 0.690278 0.062891 0.211111
0 0.128516 0.818056 0.092969 0.298611
0 0.083008 0.805903 0.094141 0.253472
0 0.112305 0.735417 0.140234 0.179167
0 0.057227 0.633681 0.067578 0.204861
0 0.108594 0.620139 0.077344 0.237500
0 0.103516 0.562153 0.044531 0.195139
0 0.071680 0.772917 0.099609 0.230556
0 0.126758 0.551389 0.091797 0.200000
0 0.113086 0.613542 0.073047 0.229861
0 0.139258 0.499653 0.060547 0.209028
0 0.189844 0.409375 0.046875 0.167361
0 0.174219 0.505903 0.066406 0.204861
0 0.275586 0.800347 0.130859 0.399306
0 0.195508 0.497222 0.062109 0.200000
0 0.195117 0.432292 0.056641 0.193750
0 0.239844 0.401042 0.043750 0.156250
0 0.241016 0.474653 0.046875 0.174306
0 0.266211 0.380556 0.041797 0.180556
0 0.276758 0.355208 0.041797 0.127083
0 0.284570 0.359722 0.053516 0.084722
0 0.308008 0.283333 0.048047 0.125000
0 0.314648 0.300347 0.037109 0.128472
0 0.320312 0.366319 0.035937 0.149306
0 0.202930 0.515625 0.082422 0.220139
0 0.229492 0.702083 0.162891 0.159722
0 0.266211 0.667361 0.194922 0.183333
0 0.285547 0.620139 0.177344 0.163889
0 0.296680 0.583681 0.176953 0.142361
0 0.314648 0.551042 0.151172 0.131250
0 0.331250 0.507292 0.137500 0.171528
0 0.345508 0.486111 0.123047 0.140278
0 0.356641 0.463889 0.126562 0.129167
0 0.378906 0.456597 0.142969 0.134028
0 0.360352 0.425694 0.121484 0.133333
0 0.164648 0.460417 0.093359 0.125000
0 0.412109 0.376042 0.092969 0.102083
0 0.426953 0.359722 0.099219 0.104167
0 0.447461 0.356597 0.091797 0.106250
0 0.431055 0.338889 0.104297 0.100000
0 0.447266 0.325694 0.095312 0.100000
0 0.439648 0.299653 0.087109 0.110417
0 0.449609 0.280208 0.085156 0.092361
0 0.459375 0.264931 0.086719 0.082639
0 0.466602 0.249653 0.084766 0.090972
0 0.471484 0.234028 0.083594 0.075000
0 0.478906 0.221181 0.077344 0.074306
0 0.486328 0.213194 0.075000 0.072222
0 0.417969 0.194097 0.020313 0.079861
0 0.431445 0.178125 0.022266 0.081250
0 0.450195 0.158681 0.016016 0.072917
0 0.494141 0.188889 0.067969 0.070833
0 0.509375 0.165625 0.061719 0.063194
0 0.487891 0.160069 0.061719 0.052083
0 0.507227 0.150347 0.058984 0.056250
0 0.514258 0.141319 0.059766 0.059028
0 0.523438 0.135417 0.061719 0.055556
0 0.529492 0.121875 0.051953 0.045139
0 0.539453 0.105556 0.032813 0.034722
0 0.538867 0.092361 0.038672 0.038889
0 0.541211 0.084722 0.030078 0.033333
0 0.547461 0.078819 0.027734 0.036806
0 0.553125 0.076389 0.027344 0.043056
0 0.559766 0.072569 0.032031 0.040972
0 0.564844 0.069444 0.032813 0.045833
0 0.569336 0.061806 0.035547 0.041667
0 0.575977 0.053472 0.026953 0.034722
0 0.581445 0.047917 0.028516 0.029167
0 0.587305 0.043403 0.028516 0.024306
0 0.596289 0.042014 0.023828 0.032639
0 0.601953 0.038542 0.020313 0.029861
0 0.607031 0.028819 0.024219 0.024306
0 0.609570 0.023264 0.017578 0.021528
0 0.610547 0.017361 0.017969 0.013889
0 0.611328 0.013542 0.012500 0.014583
0 0.612695 0.009028 0.013672 0.012500
0 0.613672 0.005208 0.011719 0.009028
0 0.532617 0.886806 0.207422 0.225000
0 0.867383 0.915625 0.195703 0.163194
0 0.871094 0.856597 0.180469 0.260417
0 0.885156 0.896528 0.199219 0.194444
0 0.827344 0.797917 0.156250 0.245833
0 0.845703 0.723264 0.155469 0.202083
0 0.835352 0.690625 0.153516 0.189583
0 0.791406 0.552083 0.152344 0.200000
0 0.839844 0.639931 0.131250 0.171528
0 0.584570 0.927431 0.142578 0.131250
0 0.752344 0.884375 0.209375 0.224306
0 0.665039 0.854514 0.207422 0.240972
0 0.825586 0.799653 0.158984 0.257639
0 0.726172 0.802778 0.158594 0.252778
0 0.627539 0.795833 0.178516 0.233333
0 0.631055 0.744792 0.180859 0.221528
0 0.643945 0.664583 0.157422 0.195833
0 0.668359 0.704514 0.168750 0.207639
0 0.674219 0.619444 0.193750 0.201389
0 0.638672 0.529861 0.132812 0.176389
0 0.680664 0.611111 0.174609 0.168056
0 0.645898 0.471875 0.129297 0.138194
0 0.653516 0.426389 0.132812 0.127778
0 0.615039 0.373264 0.090234 0.153472
0 0.665039 0.410417 0.062109 0.161111
0 0.637109 0.341319 0.087500 0.118750
0 0.681445 0.330208 0.078516 0.100694
0 0.719141 0.286458 0.075781 0.093750
0 0.710547 0.266667 0.076563 0.087500
0 0.702344 0.242014 0.069531 0.086806
0 0.695703 0.222222 0.069531 0.070833
0 0.685742 0.205903 0.069922 0.074306
0 0.682422 0.184375 0.067969 0.063194
0 0.677539 0.165278 0.059766 0.054167
0 0.672070 0.149306 0.056641 0.056944
0 0.667969 0.133333 0.052344 0.040278
0 0.664062 0.125694 0.049219 0.036111
0 0.663281 0.112153 0.044531 0.038194
0 0.663867 0.102083 0.039453 0.041667
0 0.657031 0.087153 0.041406 0.042361
0 0.651563 0.077431 0.042188 0.035417
0 0.652930 0.063194 0.042578 0.033333
0 0.648633 0.048611 0.034766 0.031944
0 0.645312 0.041667 0.033594 0.029167
0 0.651563 0.056944 0.033594 0.036111
0 0.641992 0.034722 0.026172 0.031944
0 0.639062 0.024653 0.025781 0.021528
0 0.636914 0.018750 0.022266 0.022222
0 0.635156 0.010069 0.021875 0.018750
0 0.629687 0.270139 0.091406 0.081944
0 0.623437 0.259028 0.075781 0.087500
0 0.637305 0.290972 0.077734 0.093056
0 0.623828 0.231944 0.075000 0.066667
0 0.621680 0.206944 0.067578 0.070833
0 0.614258 0.194444 0.064453 0.062500
0 0.616406 0.172569 0.059375 0.045139
0 0.614844 0.158333 0.063281 0.055556
0 0.617969 0.134722 0.062500 0.051389
0 0.613281 0.119792 0.047656 0.046528
0 0.618555 0.105903 0.048047 0.045139
0 0.621289 0.096528 0.034766 0.040278
0 0.628320 0.084722 0.029297 0.025000
